distortion:
- - 0.1109871981874121
  - -0.06555395634990432
  - -0.012958672600871739
  - 0.02389182504453523
  - 0.027253056955238813
intrinsic_matrix:
- - 533.509765625
  - 0.0
  - 568.5857446657028
- - 0.0
  - 542.1443481445312
  - 309.53015875234996
- - 0.0
  - 0.0
  - 1.0
resolution:
- 1029
- 667
