distortion:
- - 0.05125822759213421
  - 0.043890665601890394
  - -0.02070447963976898
  - -0.04913791100103548
  - -0.031598787314418134
# intrinsic_matrix:
# - - 527.2278442382812
#   - 0.0
#   - 413.0900006576521
# - - 0.0
#   - 565.1650390625
#   - 294.9616540503339
# - - 0.0
#   - 0.0
#   - 1.0
resolution:
- 988
- 660
intrinsic_matrix: [ 
  [429.6190111627674,0,512.5],
  [0                 ,429.6190111627674 ,342.0],
  [  0                ,0                 ,1  ]
]