intrinsic_matrix: [ 
  [429.6190111627674,0,512.5],
  [0                 ,429.6190111627674 ,342.0],
  [  0                ,0                 ,1  ]
]

distortion:
- - 0.05125822759213421
  - 0.043890665601890394
  - -0.02070447963976898
  - -0.04913791100103548
  - -0.031598787314418134