intrinsic_matrix: [ 
  [429.6190111627674,0,512.5],
  [0                 ,429.6190111627674 ,342.0],
  [  0                ,0                 ,1  ]
]

# distortion:
# - - 0.05125822759213421
#   - 0.043890665601890394
#   - -0.02070447963976898
#   - -0.04913791100103548
#   - -0.031598787314418134
distortion:
- - 0.0
  - 0.0
  - 0.0
  - 0.0
  - 0.0
#   # 503.459778706368, 0.0, 600.5, 0.0, 503.459778706368, 400.5, 0.0, 0.0, 1.0
# intrinsic_matrix: [ 
#   [503.459778706368,0,600.5],
#   [0                 ,503.459778706368 ,400.5],
#   [  0                ,0                 ,1  ]
# ]
crop_ratio:
  left: 0.527 #crop the original left image from w=0 to w = 0.5*w_original
  right: 0.35 #crop the original right image from w=0.4*original to w = w_original